73 91 78 4 14 100 32 88 81 57 
4 14 32 57 73 78 81 88 91 100 

3 49 53 28 12 76 69 69 92 65 5 100 40 34 40 31 23 54 82 32 
3 5 12 23 28 31 32 34 40 40 49 53 54 65 69 69 76 82 92 100 

42 5 74 71 8 86 69 38 24 100 45 25 47 48 51 10 23 70 77 65 86 32 63 24 65 54 5 38 6 85 
5 5 6 8 10 23 24 24 25 32 38 38 42 45 47 48 51 54 63 65 65 69 70 71 74 77 85 86 86 100 

69 99 89 93 68 47 77 87 83 99 85 79 75 30 25 76 38 98 45 66 62 29 96 75 3 11 27 58 100 32 93 19 81 32 10 47 77 37 32 11 
3 10 11 11 19 25 27 29 30 32 32 32 37 38 45 47 47 58 62 66 68 69 75 75 76 77 77 79 81 83 85 87 89 93 93 96 98 99 99 100 

86 67 88 59 47 11 86 84 8 81 100 20 60 46 93 61 8 71 69 6 53 60 23 32 91 83 77 18 18 59 27 2 76 13 12 21 75 96 3 33 75 53 51 33 98 94 44 4 63 63 
2 3 4 6 8 8 11 12 13 18 18 20 21 23 27 32 33 33 44 46 47 51 53 53 59 59 60 60 61 63 63 67 69 71 75 75 76 77 81 83 84 86 86 88 91 93 94 96 98 100 

60 66 21 81 96 62 62 23 79 30 80 56 30 54 68 92 26 93 86 27 24 11 31 73 94 79 17 88 81 31 49 39 95 21 70 90 33 82 11 62 10 42 17 90 46 35 81 70 26 17 48 48 79 29 71 71 6 86 10 85 
6 10 10 11 11 17 17 17 21 21 23 24 26 26 27 29 30 30 31 31 33 35 39 42 46 48 48 49 54 56 60 62 62 62 66 68 70 70 71 71 73 79 79 79 80 81 81 81 82 85 86 86 88 90 90 92 93 94 95 96 

15 9 74 9 28 94 49 12 74 58 72 34 50 87 22 47 20 53 67 44 69 13 90 98 40 59 19 44 96 27 79 9 35 3 68 13 95 15 23 19 24 46 51 24 31 24 69 2 75 35 44 94 98 85 90 89 94 8 83 88 85 13 48 18 66 14 82 12 80 55 
2 3 8 9 9 9 12 12 13 13 13 14 15 15 18 19 19 20 22 23 24 24 24 27 28 31 34 35 35 40 44 44 44 46 47 48 49 50 51 53 55 58 59 66 67 68 69 69 72 74 74 75 79 80 82 83 85 85 87 88 89 90 90 94 94 94 95 96 98 98 

29 2 99 31 76 29 5 44 81 78 29 23 71 77 58 11 16 51 17 98 89 101 61 35 69 25 100 101 35 78 55 15 30 4 96 4 83 99 98 62 75 77 84 96 53 92 58 67 41 25 15 29 76 26 14 44 2 12 95 87 40 100 100 20 3 94 23 84 43 71 45 69 47 79 63 98 69 71 15 61 
2 2 3 4 4 5 11 12 14 15 15 15 16 17 20 23 23 25 25 26 29 29 29 29 30 31 35 35 40 41 43 44 44 45 47 51 53 55 58 58 61 61 62 63 67 69 69 69 71 71 71 75 76 76 77 77 78 78 79 81 83 84 84 87 89 92 94 95 96 96 98 98 98 99 99 100 100 100 101 101 

95 81 88 69 5 52 63 57 15 57 43 5 55 41 24 56 86 97 39 27 66 34 46 11 11 8 59 30 77 25 89 22 4 27 90 59 30 51 15 43 6 8 46 60 47 68 66 83 15 55 61 80 87 5 41 48 63 51 29 91 74 16 11 28 94 99 37 22 101 2 63 5 8 59 15 6 78 32 87 91 85 98 21 23 2 61 21 15 10 48 
2 2 4 5 5 5 5 6 6 8 8 8 10 11 11 11 15 15 15 15 15 16 21 21 22 22 23 24 25 27 27 28 29 30 30 32 34 37 39 41 41 43 43 46 46 47 48 48 51 51 52 55 55 56 57 57 59 59 59 60 61 61 63 63 63 66 66 68 69 74 77 78 80 81 83 85 86 87 87 88 89 90 91 91 94 95 97 98 99 101 

4 34 15 66 60 7 15 95 27 14 96 40 18 54 97 83 58 25 13 96 15 97 92 34 70 44 45 89 58 5 36 12 37 49 76 47 54 90 93 31 2 87 69 70 91 16 52 48 40 15 42 5 10 84 89 30 27 85 18 35 88 52 45 76 51 72 21 55 12 12 36 64 49 55 33 39 69 35 37 59 48 77 14 9 59 2 37 36 85 5 69 23 7 65 49 56 87 69 61 97 
2 2 4 5 5 5 7 7 9 10 12 12 12 13 14 14 15 15 15 15 16 18 18 21 23 25 27 27 30 31 33 34 34 35 35 36 36 36 37 37 37 39 40 40 42 44 45 45 47 48 48 49 49 49 51 52 52 54 54 55 55 56 58 58 59 59 60 61 64 65 66 69 69 69 69 70 70 72 76 76 77 83 84 85 85 87 87 88 89 89 90 91 92 93 95 96 96 97 97 97 

